60
70
76
77
80
81
83
85
89
96
97
102
105
109
113
115
116
118
135
140
145
147
160
166
170
174
175
177
179
186
187
191
202
203
206
208
211
213
216
231
232
236
245
246
257
264
270
273
283
292
294
317
325
329
337
338
348
353
354
359
369
374
378
382
391
396
398
400
405
406
407
408
410
412
414
415
416
417
422
423
430
431
435
436
438
439
440
443
444
445
446
447
448
450
451
454
455
459
470
475
483
489
490
491
493
495
496
502
510
511
513
514
523
527
528
529
531
533
537
546
548
553
562
564
565
568
571
573
577
580
591
592
594
595
596
597
598
604
606
607
615
624
629
637
638
642
650
651
652
653
654
655
656
657
658
659
660
661
662
663
664
665
666
667
668
669
670
671
672
673
674
675
676
677
678
679
680
681
682
683
684
685
686
687
688
689
690
691
692
693
694
695
696
697
698
699
700
701
702
703
707
717
720
721
722
723
724
725
726
728
729
730
731
733
734
736
737
739
741
742
746
747
751
767
789
791
792
794
795
796
798
799
800
801
802
803
805
806
807
808
809
810
811
812
815
816
819
821
822
823
827
832
835
841
846
847
849
856
857
859
861
865
868
874
875
878
880
882
883
889
898
902
903
908
912
913
914
919
925
927
928
929
930
933
937
938
939
940
941
942
945
946
949
956
958
959
961
967
971
975
976
977
980
982
986
989
992
993
1003
1005
1018
1021
1022
1024
1027
1028
1030
1031
1036
1043
1045
1046
1049
1055
1058
1059
1060
1061
1062
1063
1064
1065
1068
1069
1075
1077
1079
1081
1082
1083
1089
1090
1091
1098
1099
1100
1102
1105
1106
1108
1109
1113
1114
1115
1116
1117
1118
1120
1123
1129
1131
1132
1134
1135
1136
1138
1141
1148
1149
1150
1152
1155
1158
1160
1163
1164
1166
1167
1168
1169
1170
1171
1178
1179
1180
1186
1188
1189
1190
1192
1197
1198
1199
1200
1201
1202
1203
1204
1205
1206
1207
1208
1211
1213
1214
1219
1224
1225
1226
1227
1228
1229
1232
1234
1237
1240
1241
1242
1244
1245
1251
1255
1256
1257
1258
1259
1260
1261
1263
1265
1268
1269
1270
1271
1274
1275
1277
1278
1279
1280
1281
1282
1283
1291
1292
1293
1294
1296
1297
1298
1299
1300
1301
1302
1303
1305
1311
1312
1313
1314
1315
1318
1325
1326
1327
1330
1332
1337
1338
1339
1340
1341
1342
1343
1344
1345
1346
1347
1349
1350
1351
1352
1353
1354
1355
1356
1359
1360
1361
1363
1366
1367
1368
1369
1370
1371
1372
1373
1374
1375
1376
1377
1379
1380
1382
1383
1384
1385
1386
1387
1388
1389
1390
1391
1393
1394
1395
1399
1400
1401
1402
1403
1404
1405
1406
1407
1408
1411
1419
1422
1423
1427
1428
1429
1431
1432
1433
1434
1436
1438
1440
1445
1446
1450
1451
1452
1453
1454
1456
1458
1459
1460
1461
1462
1471
1473
1478
1480
1481
1482
1483
1484
1486
1488
1494
1495
1496
1498
1501
1502
1504
1505
1506
1507
1510
1516
1517
1518
1519
1520
1522
1523
1524
1525
1526
1527
1528
1529
1530
1533
1536
1537
1542
1547
1548
1549
1551
1553
1554
1556
1557
1558
1561
1563
1564
1565
1567
1568
1569
1570
1571
1572
1573
1578
1579
1584
1585
1586
1587
1589
1591
1593
1594
1595
1596
1597
1598
1599
1600
1601
1602
1603
1606
1608
1612
1614
1615
1617
1620
1621
1625
1630
1631
1632
1633
1634
1635
1636
1637
1638
1640
1641
1643
1644
1645
1647
1649
1650
1651
1652
1653
1655
1664
1665
1669
1670
1671
1672
1673
1674
1680
1681
1682
1683
1684
1685
1686
1687
1689
1690
1691
1693
1695
1696
1700
1705
1707
1719
1720
1721
1722
1723
1724
1727
1730
1731
1733
1742
1748
1749
1750
1751
1755
1756
1757
1760
1766
1768
1769
1772
1774
1776
1777
1778
1781
1783
1786
1790
1792
1794
1795
1796
1801
1809
1811
1815
1818
1829
1830
1831
1834
1841
1850
1851
1853
1864
1865
1866
1880
1888
1895
1904
1907
1917
1918
1919
1925
1927
1939
1944
1947
1949
1950
1951
1953
1954
1955
1963
1966
1973
1975
1986
1995
1996
2017
2018
2026
2032
2033
2036
2037
2041
2047
2048
2049
2050
2054
2059
2060
2061
2062
2063
2069
2070
2076
2080
2093
2094
2100
2102
2104
2110
2113
2115
2121
2137
2141
2142
2144
2147
2148
2149
2150
2151
2155
2157
2159
2168
2170
2176
2178
2180
2182
2183
2191
2192
2195
2196
2198
2199
2200
2201
2210
2211
2212
2215
2216
2218
2219
2220
2226
2227
2228
2229
2237
2247
2248
2249
2255
2264
2268
2271
2274
2278
2279
2280
2281
2283
2284
2285
2286
2303
2309
2310
2311
2315
2316
2317
2319
2326
2332
2333
2347
2348
2349
2351
2352
2353
2363
2364
2365
2367
2368
2375
2376
2379
2381
2382
2383
2384
2385
2386
2387
2388
2389
2390
2391
2393
2394
2395
2396
2397
2398
2399
2400
2404
2405
2406
2418
2419
2420
2421
2422
2423
2424
2425
2426
2428
2429
2430
2431
2432
2433
2434
2435
2440
2441
2443
2444
2445
2446
2447
2448
2450
2451
2452
2457
2458
2459
2460
2461
2462
2464
2467
2468
2469
2470
2472
2473
2475
2477
2490
2493
2494
2509
2537
2549
2553
2554
2557
2558
2566
2579
2581
2589
2590
2599
2600
2602
2618
2628
2630
2635
2657
2666
2667
2677
2678
2681
2696
2704
2712
2744
2750
2755
2758
2760
2764
2770
2774
2779
2782
2784
2786
2787
2788
2789
2792
2794
2797
2803
2804
2805
2806
2815
2816
2817
2819
2820
2830
2841
2842
2843
2844
2845
2848
2850
2852
2855
2856
2858
2859
2861
2862
2863
2864
2873
2876
2877
2878
2886
2887
2888
2896
2897
2898
2900
2901
2902
2907
2909
2914
2915
2917
2919
2928
2931
2932
2935
2942
2943
2953
2954
2955
2956
2957
2960
2961
2963
2983
2987
2992
2995
2996
2998
3002
3005
3007
3008
3018
3021
3022
3024
3027
3028
3029
3032
3038
3041
3042
3044
3049
3050
3056
3064
3071
3072
3075
3080
3085
3086
3093
3094
3105
3107
3112
3121
3122
3143
3148
3150
3169
3180
3185
3188
3195
3199
3200
3202
3209
3214
3226
3227
3229
3231
3233
3240
3248
3253
3269
3270
3280
3281
3292
3293
3295
3296
3297
3298
3300
3301
3315
3331
3332
3333
3334
3335
3336
3337
3338
3339
3350
3351
3352
3360
3368
3379
3380
3381
3385
3386
3387
3388
3390
3393
3399
3400
3401
3421
3424
3438
3439
3441
3455
3461
3467
3471
3472
3474
3482
3483
3498
3506
3518
3519
3521
3525
3533
3535
3541
3542
3547
3550
3551
3554
3556
3557
3558
3559
3560
3561
3562
3563
3564
3565
3566
3567
3569
3570
3571
3572
3582
3584
3585
3587
3588
3589
3602
3604
3605
3606
3612
3613
3614
3623
3624
3625
3629
3631
3633
3634
3636
3647
3651
3652
3653
3655
3664
3667
3672
3673
3677
3683
3684
3686
3702
3710
3731
3759
3766
3767
3777
3780
3786
3794
3798
3800
3801
3820
3822
3826
3840
3866
3895
3899
3918
3920
3926
3945
3964
4011
4043
4073
4077
4081
4088
4089
4090
4093
4094
4095
4096
4099
4103
4109
4116
4117
4132
4134
4137
4138
4139
4140
4141
4142
4143
4144
4156
4158
4159
4176
4182
4187
4196
4200
4201
4202
4206
4236
4237
4273
4286
4299
4301
4306
4307
4310
4323
4325
4335
4337
4353
4359
4366
4379
4380
4381
4392
4393
4403
4409
4414
4421
4436
4439
4440
4445
4446
4452
4458
4466
4475
4478
4481
4484
4498
4502
4508
4532
4538
4542
4543
4552
4555
4556
4557
4558
4583
4589
4595
4604
4613
4614
4616
4624
4630
4635
4637
4642
4643
4644
4649
4650
4659
4669
4672
4676
4681
4683
4692
4709
4713
4731
4735
4736
4737
4738
4741
4743
4760
4761
4762
4763
4766
4767
4777
4779
4788
4789
4790
4795
4799
4808
4837
4839
4845
4846
4857
4859
4885
4886
4887
4897
4899
4900
4901
4904
4917
4929
4940
4945
4946
4947
4950
4951
4952
4953
4957
4959
4960
4961
4962
4964
4966
4967
4968
4969
4970
4972
4973
4974
4975
4976
4977
4978
4980
4981
4982
4983
4985
4986
4987
4994
5013
5021
5022
5030
5041
5044
5047
5053
5059
5064
5072
5076
5085
5100
5104
5121
5123
5136
5137
5160
5162
5172
5173
5182
5186
5220
5228
5229
5232
5241
5242
5244
5245
5249
5251
5253
5259
5260
5262
5267
5280
5284
5286
5294
5297
5299
5311
5316
5321
5326
5331
5333
5342
5350
5369
5381
5383
5395
5406
5418
5452
5453
5463
5473
5477
5493
5495
5505
5507
5509
5510
5515
5516
5519
5525
5529
5532
5535
5552
5563
5586
5607
5608
5609
5610
5620
5623
5627
5637
5641
5649
5650
5652
5674
5678
5681
5685
5692
5694
5697
5702
5703
5720
5725
5742
5767
5770
5771
5778
5791
5801
5813
5816
5817
5873
5875
5881
5884
5909
5929
5953
5954
5977
5996
6007
6020
6027
6037
6058
6062
6094
6097
6130
6147
6160
6164
6170
6178
6186
6194
6201
6210
6232
6233
6235
6249
6267
6303
6304
6309
6313
6330
6347
6384
6391
6394
6406
6410
6417
6418
6419
6420
6421
6425
6429
6441
6443
6444
6445
6448
6449
6461
6462
6463
6470
6478
6486
6496
6513
6520
6521
6527
6530
6534
6538
6541
6552
6559
6579
6583
6584
6620
6623
6631
6632
6638
6639
6643
6644
6651
6655
6656
6668
6695
6700
6706
6708
6712
6722
6724
6734
6737
6746
6755
6758
6775
6782
6785
6804
6806
6814
6820
6824
6829
6831
6833
6836
6848
6854
6864
6868
6875
6900
6922
6929
6932
6937
6938
6941
6946
6950
6951
6960
6961
6962
6963
6971
6983
6990
6992
7003
7004
7023
7026
7031
7036
7038
7045
7059
7062
7077
7085
7088
7096
7097
7109
7113
7115
7117
7124
7133
7137
7139
7146
7148
7159
7168
7180
7181
7185
7188
7205
7209
7211
7215
7220
7224
7225
7229
7231
7232
7234
7235
7236
7237
7239
7241
7246
7250
7263
7272
7275
7294
7298
7299
7300
7303
7326
7331
7334
7336
7352
7353
7356
7363
7366
7368
7382
7386
7392
7393
7394
7399
7406
7408
7416
7421
7425
7427
7431
7436
7437
7439
7441
7452
7455
7456
7464
7473
7474
7481
7483
7493
7495
7504
7505
7512
7514
7519
7521
7534
7537
7546
7548
7552
7555
7558
7562
7566
7567
7568
7575
7580
7593
7597
7604
7614
7627
7632
7637
7642
7649
7651
7652
7653
7658
7662
7664
7669
7670
7671
7676
7679
7687
7692
7702
7709
7715
7718
7727
7731
7758
7759
7766
7771
7773
7776
7778
7785
7789
7792
7800
7802
7803
7804
7809
7815
7823
7827
7830
7832
7835
7836
7860
7864
7865
7870
7872
7884
7890
7904
7907
7909
7911
7932
7936
7939
7940
7943
7954
7957
7963
7967
7969
7971
7973
7988
7993
7995
8000
8006
8017
8022
8025
8026
8038
8039
8042
8059
8060
8064
8067
8069
8083
8086
8107
8108
8116
8117
8121
8130
8135
8165
8171
8183
8184
8187
8197
8226
8227
8234
8236
8251
8259
8289
8305
8316
8339
8345
8351
8375
8376
8381
8389
8392
8394
8405
8406
8407
8409
8417
8420
8429
8435
8438
8441
8446
8450
8451
8454
8456
8460
8463
8487
8494
8502
8514
8517
8527
8530
8532
8543
8547
8549
8561
8576
8587
8591
8595
8597
8598
8621
8633
8635
8650
8670
8678
8679
8680
8685
8689
8696
8715
8717
8728
8729
8730
8732
8735
8745
8748
8757
8777
8778
8784
8785
8790
8792
8796
8797
8804
8811
8819
8832
8836
8843
8857
8861
8868
8880
8888
8890
8896
8904
8905
8913
8921
8944
8948
8953
8972
8978
8983
8986
8999
9001
9005
9009
9012
9018
9020
9022
9036
9038
9042
9046
9047
9051
9069
9089
9096
9109
9113
9121
9128
9129
9137
9142
9168
9169
9174
9175
9188
9197
9202
9204
9212
9218
9228
9231
9245
9248
9253
9254
9267
9274
9276
9277
9281
9282
9283
9286
9289
9295
9296
9305
9312
9313
9315
9317
9352
9353
9357
9367
9368
9373
9376
9385
9387
9391
9392
9393
9407
9426
9436
9438
9439
9447
9465
9475
9495
9502
9506
9507
9510
9516
9534
9537
9544
9545
9546
9547
9552
9555
9567
9568
9604
9607
9627
9642
9648
9654
9661
9665
9670
9683
9694
9712
9717
9723
9750
9753
9759
9765
9766
9778
9785
9796
9797
9810
9811
9818
9819
9840
9842
9850
9853
9862
9863
9867
9868
9869
9872
9873
9876
9879
9885
9898
9918
9924
9929
9941
9944
9946
9954
9962
9980
9992
10001
10006
10012
10024
10034
10037
10046
10062
10074
10082
10091
10093
10095
10097
10114
10119
10123
10126
10127
10136
10151
10153
10157
10192
10197
10220
10234
10239
10249
10251
10258
10260
10265
10266
10272
10273
10277
10279
10284
10289
10308
10324
10330
10349
10354
10357
10397
10407
10421
10422
10438
10445
10446
10470
10486
10498
10501
10505
10506
10509
10510
10533
10535
10538
10556
10572
10591
10595
10597
10608
10609
10611
10620
10623
10632
10633
10646
10653
10660
10678
10687
10718
10729
10733
10734
10740
10765
10766
10771
10775
10776
10778
10783
10797
10800
10805
10814
10829
10855
10861
10863
10864
10867
10874
10877
10878
10879
10881
10883
10889
10892
10904
10910
10913
10918
10919
10925
10927
10928
10934
10945
10948
10960
10974
10977
10980
11016
11026
11030
11040
11070
11089
11109
11121
11137
11147
11156
11162
11168
11170
11186
11228
11248
11252
11260
11273
11295
11304
11313
11324
11325
11328
11387
11389
11407
11430
11432
11439
11449
11451
11453
11487
11493
11496
11506
11514
11519
11526
11543
11549
11554
11570
11576
11589
11592
11595
11616
11630
11632
11635
11656
11682
11687
11688
11702
11726
11765
11771
11786
11797
11807
11812
11818
11823
11828
11831
11837
11841
11858
11886
11897
11911
11915
11918
11927
11930
11946
11948
11956
11966
11976
11986
11987
11992
11998
12001
12019
12021
12034
12054
12065
12067
12068
12087
12088
12098
12100
12122
12138
12140
12156
12157
12158
12165
12204
12205
12214
12216
12220
12247
12266
12271
12289
12290
12292
12294
12302
12314
12328
12333
12335
12351
12383
12388
12396
12405
12418
12439
12451
12470
12482
12510
12518
12523
12528
12542
12562
12576
12587
12594
12597
12601
12628
12636
12640
12641
12647
12649
12655
12669
12689
12703
12709
12712
12727
12733
12736
12789
12795
12802
12803
12812
12815
12818
12824
12825
12836
12838
12844
12855
12858
12862
12876
12884
12903
12904
12908
12913
12915
12916
12917
12919
12921
12929
12951
12958
12959
12984
12994
12997
13028
13031
13033
13034
13037
13038
13048
13049
13061
13063
13070
13083
13096
13115
13122
13141
13170
13178
13183
13211
13212
13232
13236
13237
13242
13267
13276
13285
13286
13287
13288
13289
13310
13312
13345
13347
13348
13350
13362
13371
13383
13390
13411
13419
13424
13427
13441
13464
13487
13494
13496
13503
13514
13515
13516
13548
13549
13583
13585
13597
13613
13627
13642
13653
13654
13662
13691
13692
13699
13706
13714
13717
13718
13721
13729
13768
13773
13800
13815
13816
13828
13833
13839
13874
13882
13918
13949
13964
13976
13983
14020
14035
14037
14082
14100
14112
14118
14143
14144
14150
14166
14181
14223
14232
14237
14243
14271
14280
14305
14323
14328
14329
14331
14336
14338
14341
14344
14350
14354
14358
14373
14376
14383
14404
14405
14407
14427
14457
14467
14493
14503
14508
14511
14525
14534
14567
14638
14642
14646
14677
14707
14714
14719
14732
14739
14795
14802
14814
14828
14841
14845
14854
14872
14887
14891
14942
14952
14953
14981
14987
14997
15003
15007
15013
15019
15039
15050
15060
15062
15067
15075
15085
15088
15102
15107
15119
15120
15125
15135
15141
15144
15150
15170
15174
15178
15187
15191
15197
15206
15211
15236
15250
15251
15273
15274
15278
15292
15306
15310
15318
15329
15334
15336
15343
15344
15347
15355
15361
15371
15374
15389
15393
15398
15416
15419
15430
15441
15457
15473
15475
15479
15481
15492
15514
15520
15540
15541
15565
15566
15571
15588
15597
15610
15615
15621
15627
15630
15652
15694
15696
15721
15744
15746
15747
15767
15782
15821
15835
15844
15855
15876
15885
15888
15895
15923
15926
15939
15961
15969
16013
16038
16053
16142
16204
16207
16228
16248
16294
16295
16303
16308
16342
16347
16350
16364
16397
16408
16416
16432
16448
16470
16473
16486
16489
16499
16518
16520
16527
16529
16540
16550
16557
16564
16566
16580
16604
16624
16631
16644
16648
16661
16683
16691
16696
16701
16714
16719
16722
16744
16746
16777
16779
16807
16823
16853
16870
16890
16896
16944
16962
16970
16994
16995
17035
17043
17089
17142
17168
17175
17178
17189
17195
17214
17220
17221
17240
17249
17259
17265
17287
17290
17292
17308
17317
17326
17331
17348
17388
17432
17443
17448
17449
17455
17456
17457
17458
17477
17480
17501
17539
17545
17550
17551
17570
17644
17730
17767
17804
17847
17900
17939
17957
17981
18001
18016
18033
18043
18044
18050
18056
18059
18077
18115
18122
18174
18189
18219
18221
18278
18297
18298
18325
18333
18361
18375
18376
18377
18395
18403
18439
18441
18442
18516
18534
18584
18620
18623
18680
18707
18723
18737
18793
18823
18902
18913
18943
18958
18972
19015
19073
19100
19129
19170
19206
19223
19232
19339
19350
19421
19448
19472
19588
19589
19655
19666
19695
19804
19836
19838
19841
19906
19910
19917
19926
19936
19937
19938
19983
20002
20011
20028
20043
20068
20100
20101
20159
20173
20197
20202
20221
20231
20235
20254
20257
20259
20306
20333
20363
20408
20415
20420
20423
20430
20435
20457
20562
20579
20594
20608
20670
20677
20685
20758
20780
20802
20833
20846
20863
20870
20884
20923
20960
21142
21145
21154
21162
21165
21189
21193
21240
21271
21348
21354
21359
21402
21438
21473
21488
21535
21563
21613
21659
21660
21674
21684
21714
21792
21795
21807
21808
21821
21839
21850
21894
21907
21916
21962
21969
21977
22017
22074
22101
22122
22123
22147
22156
22192
22386
22431
22434
22448
22475
22500
22539
22561
22569
22570
22572
22577
22598
22599
22600
22651
22742
22801
22802
22813
22815
22816
22821
22852
22865
22890
22899
22905
22910
22941
22945
22969
22973
22981
22996
23017
23018
23030
23033
23046
23062
23065
23068
23086
23104
23125
23134
23136
23160
23170
23171
23191
23211
23214
23227
23245
23246
23247
23259
23264
23291
23293
23300
23305
23314
23315
23319
23330
23358
23367
23395
23399
23400
23411
23414
23418
23424
23437
23440
23448
23460
23477
23481
23489
23490
23496
23498
23509
23521
23530
23531
23537
23570
23581
23582
23585
23614
23615
23628
23637
23645
23648
23666
23686
23691
23695
23696
23701
23730
23732
23733
23734
23745
23760
23762
23768
23771
23784
23808
23811
23822
23823
23836
23849
23856
23882
23908
23911
23916
23929
23949
23956
23961
23974
23978
23980
23983
24024
24032
24033
24039
24052
24056
24061
24068
24089
24102
24125
24127
24129
24131
24134
24137
24141
24146
24147
24194
24218
24224
24229
24235
24238
24241
24254
24264
24265
24266
24276
24277
24301
24302
24310
24318
24325
24328
24334
24354
24356
24371
24373
24377
24379
24393
24394
24399
24404
24405
24413
24419
24421
24426
24435
24441
24442
24451
24456
24494
24500
24508
24512
24529
24530
24539
24544
24547
24562
24564
24568
24569
24574
24586
24602
24612
24620
24621
24631
24643
24644
24646
24648
24659
24667
24673
24674
24682
24693
24695
24696
24714
24731
24732
24733
24738
24743
24751
24755
24766
24767
24772
24776
24794
24795
24799
24800
24806
24815
24818
24822
24826
24835
24854
24862
24868
24876
24877
24879
24881
24882
24886
24892
24905
24916
24928
24929
24936
24938
24945
24948
24952
24956
24967
24970
24975
24976
24988
24997
25009
25012
25026
25031
25035
25037
25043
25056
25062
25071
25082
25084
25085
25111
25137
25140
25154
25156
25189
25194
25229
25233
25237
25238
25241
25242
25257
25260
25265
25266
25267
25273
25280
25298
25301
25323
25336
25346
25362
25364
25368
25377
25378
25381
25382
25415
25432
25440
25442
25444
25445
25451
25454
25462
25470
25484
25485
25492
25497
25511
25531
25533
25548
25552
25553
25559
25574
25577
25582
25592
25619
25621
25622
25625
25631
25648
25651
25658
25661
25662
25670
25693
25702
25703
25704
25715
25719
25722
25724
25764
25768
25793
25809
25836
25857
25860
25869
25874
25882
25907
25913
25915
25924
25948
25961
25975
25976
25989
25999
26005
26011
26013
26019
26029
26035
26036
26039
26050
26065
26072
26076
26095
26100
26101
26113
26116
26124
26137
26149
26152
26173
26179
26196
26201
26205
26222
26224
26226
26245
26255
26258
26262
26271
26276
26277
26279
26285
26297
26299
26306
26307
26313
26331
26338
26348
26352
26353
26354
26369
26372
26377
26380
26381
26386
26393
26396
26403
26414
26440
26447
26448
26450
26460
26473
26487
26494
26497
26504
26513
26517
26521
26522
26543
26544
26554
26566
26572
26580
26581
26587
26604
26605
26617
26646
26671
26694
26695
26709
26711
26713
26718
26746
26750
26759
26765
26767
26782
26790
26821
26822
26823
26829
26830
26850
26868
26874
26886
26888
26905
26919
26922
26927
26939
26943
26947
26948
26957
26962
26963
26997
27009
27012
27023
27024
27028
27035
27037
27042
27043
27057
27067
27072
27075
27076
27087
27089
27125
27141
27146
27154
27167
27177
27180
27184
27197
27206
27237
27242
27250
27261
27274
27281
27300
27303
27307
27323
27327
27341
27363
27374
27387
27399
27410
27429
27459
27472
27473
27477
27479
27480
27482
27486
27495
27522
27545
27551
27564
27568
27587
27589
27609
27613
27630
27676
27682
27687
27692
27702
27711
27743
27768
27779
27783
27785
27800
27803
27819
27844
27865
27888
27895
27897
27906
27908
27910
27923
27941
27948
27955
27959
27961
27966
27972
27976
27978
27983
27991
28005
28008
28012
28013
28017
28023
28065
28066
28080
28087
28090
28095
28105
28110
28123
28144
28197
28207
28210
28218
28230
28237
28244
28263
28285
28301
28305
28307
28308
28326
28370
28373
28381
28382
28386
28409
28418
28423
28427
28429
28432
28438
28445
28449
28450
28453
28484
28485
28487
28499
28516
28525
28526
28531
28532
28533
28534
28545
28568
28569
28570
28575
28580
28583
28634
28637
28642
28667
28668
28678
28679
28689
28702
28703
28709
28711
28713
28714
28716
28720
28728
28730
28739
28740
28777
28781
28788
28797
28803
28805
28820
28823
28839
28856
28861
28873
28886
28897
28898
28899
28912
28935
28936
28940
28945
28946
28954
28964
28982
28993
28998
29013
29018
29020
29024
29025
29032
29045
29055
29067
29091
29092
29124
29125
29139
29148
29158
29165
29170
29178
29223
29227
29241
29244
29265
29287
29294
29303
29305
29313
29315
29318
29326
29330
29336
29355
29357
29358
29360
29371
29386
29403
29409
29414
29417
29435
29441
29448
29455
29495
29503
29530
29549
29565
29609
29612
29615
29624
29633
29636
29674
29690
29700
29704
29794
29836
29891
29975
29980
30003
30004
30006
30028
30035
30051
30058
30063
30089
30090
30135
30150
30154
30159
30198
30203
30238
30249
30258
30267
30367
30369
30384
30430
30438
30442
30459
30462
30483
30504
30510
30526
30530
30531
30547
30548
30570
30573
30596
30601
30622
30634
30645
30670
30673
30679
30680
30730
30735
30748
30753
30757
30783
30789
30814
30841
30860
30863
30868
30896
30902
30906
30929
31000
31005
31009
31025
31052
31062
31121
31122
31153
31166
31176
31201
31246
31302
31303
31368
31404
31419
31427
31439
31443
31444
31472
31488
31505
31592
31594
31603
31631
31648
31680
31745
31749
31801
31814
31824
31852
31858
31860
31888
31912
31933
31939
31940
31956
31968
31986
31992
31994
32024
32162
32196
32203
32227
32249
32251
32254
32256
32302
32308
32332
32377
32400
32402
32426
32435
32444
32447
32536
32537
32589
32594
32616
32620
32634
32654
32670
32689
32696
32746
32824
32905
32924
32976
32981
33014
33040
33088
33097
33098
33115
33137
33187
33256
33257
33264
33307
33322
33336
33358
33426
33484
33490
33559
33611
33612
33638
33764
33784
33789
33793
33859
33867
33872
33887
33908
33911
33979
33985
34006
34024
34043
34078
34224
34240
34260
34283
34312
34337
34344
34426
34460
34479
34485
34502
34555
34572
34583
34657
34664
34710
34725
34728
34787
34794
34822
34899
34919
34932
34954
34980
34990
35031
35053
35079
35114
35177
35184
35188
35206
35218
35224
35236
35244
35270
35281
35282
35287
35293
35330
35339
35352
35387
35409
35427
35437
35456
35459
35467
35474
35475
35477
35479
35512
35529
35539
35574
35593
35596
35616
35631
35669
35671
35706
35721
35753
35769
35773
35778
35789
35812
35828
35868
35883
35914
35940
35981
35984
36004
36006
36008
36011
36070
36072
36076
36112
36150
36178
36202
36205
36218
36229
36230
36238
36246
36247
36280
36281
36306
36310
36318
36326
36355
36370
36381
36384
36406
36407
36467
36498
36505
36514
36567
36571
36572
36591
36618
36623
36634
36643
36647
36662
36667
36671
36682
36700
36702
36710
36726
36727
36746
36759
36761
36826
36830
36838
36850
36852
36915
37010
37038
37044
37094
37101
37203
37259
37267
37275
37304
37307
37336
37386
37448
37522
37553
37558
37565
37652
37656
37692
37697
37730
37750
37758
37797
37817
37823
37856
37862
37885
37972
37974
37988
38005
38013
38015
38022
38032
38046
38061
38104
38116
38122
38143
38155
38165
38224
38287
38295
38309
38337
38339
38361
38362
38375
38386
38395
38411
38413
38440
38519
38524
38547
38619
38662
38693
38725
38762
38764
38765
38797
38835
38870
38873
38893
38902
38923
38924
38933
38946
38980
39014
39025
39031
39037
39080
39084
39086
39095
39098
39121
39137
39158
39181
39267
39268
39279
39314
39329
39338
39360
39382
39383
39520
39568
39569
39578
39598
39610
39615
39620
39639
39649
39764
39785
39812
39825
39831
39835
39851
39852
39855
39858
39922
39990
40015
40019
40020
40024
40034
40035
40040
40075
40087
40101
40106
40120
40170
40177
40204
40220
40223
40278
40280
40293
40306
40314
40315
40316
40345
40360
40362
40371
40378
40381
40412
40417
40420
40457
40462
40474
40475
40476
40524
40534
40542
40548
40564
40580
40584
40618
40619
40645
40652
40714
40715
40718
40784
40801
40841
40842
40901
40912
40935
40959
40995
41012
41040
41043
41062
41111
41169
41186
41195
41232
41265
41270
41275
41290
41309
41318
41350
41378
41395
41411
41427
41447
41448
41452
41471
41487
41492
41503
41506
41508
41514
41602
41621
41634
41657
41668
41676
41700
41704
41709
41718
41734
41739
41770
41774
41776
41782
41786
41825
41827
41845
41880
41892
41907
41916
41935
41981
41995
42022
42051
42056
42064
42120
42128
42134
42140
42148
42150
42226
42293
42295
42304
42321
42329
42351
42352
42364
42395
42408
42418
42448
42473
42547
42580
42596
42602
42643
42647
42658
42692
42726
42730
42736
42742
42745
42794
42885
42939
42945
42967
42978
42999
43059
43099
43120
43122
43145
43148
43162
43193
43204
43211
43217
43229
43244
43285
43295
43319
43348
43381
43399
43402
43407
43491
43519
43553
43588
43598
43611
43612
43619
43648
43689
43733
43742
43757
43758
43798
43823
43843
43853
43859
43889
43901
43911
43915
43952
43963
43968
43973
43975
43994
44003
44042
44066
44111
44166
44173
44191
44262
44263
44283
44309
44350
44354
44368
44386
44387
44401
44404
44428
44429
44437
44445
44474
44479
44485
44487
44489
44571
44644
44645
44649
44678
44721
44740
44783
44793
44808
44837
44849
44861
44912
44946
44986
44989
45041
45049
45098
45137
45150
45215
45216
45266
45280
45296
45320
45347
45360
45418
45423
45464
45498
45551
45566
45570
45572
45604
45616
45647
45649
45652
45665
45666
45726
45813
45818
45830
45831
45851
45876
45883
45899
45903
45911
45958
45976
46025
46063
46206
46243
46320
46328
46330
46334
46380
46401
46439
46475
46477
46494
46502
46520
46528
46534
46546
46578
46604
46620
46624
46635
46641
46665
46676
46728
46742
46746
46749
46769
46780
46795
46805
46809
46817
46826
46834
46878
46917
46973
47014
47021
47026
47035
47067
47107
47115
47160
47161
47165
47215
47225
47249
47267
47305
47378
47403
47408
47412
47439
47460
47469
47470
47471
47499
47521
47523
47536
47557
47649
47651
47702
47720
47776
47841
47855
47872
47911
47975
48012
48013
48073
48085
48086
48101
48156
48224
48243
48339
48354
48359
48372
48388
48403
48429
48479
48530
48575
48599
48616
48652
48655
48665
48686
48695
48732
48746
48777
48797
48811
48824
48900
48930
48932
48940
48988
49019
49084
49092
49096
49148
49182
49238
49243
49286
49293
49302
49309
49326
49467
49480
49504
49512
49515
49518
49544
49614
49621
49664
49697
49746
49766
49773
49777
49813
49847
49869
49877
49883
49896
49902
49903
49906
49909
49918
49919
49954
49971
49977
49991
49993
50025
50039
50045
50064
50074
50123
50124
50144
50155
50159
50160
50178
50208
50212
50214
50297
50318
50341
50393
50446
50462
50469
50502
50534
50541
50589
50643
50659
50678
50717
50721
50746
50756
50826
50837
50856
50901
50965
50967
50982
51005
51044
51180
51283
51304
51317
51359
51417
51419
51430
51469
51471
51499
51500
51530
51535
51612
51678
51739
51753
51800
51816
51821
51847
51869
51882
51902
51934
51949
51959
51962
51991
51994
52031
55121
55144
55169
55171
55195
55224
55225
55236
55249
55269
55290
55306
55376
55386
55410
55412
55413
55451
55476
55541
55552
55554
55573
55574
55583
55598
55604
55658
55672
55706
55727
55771
55789
55870
55934
55961
55997
56061
56073
56106
56107
56108
56165
56168
56202
56212
56232
56257
56270
56293
56332
56346
56388
56438
56443
56480
56490
56552
56567
56576
56614
56735
56752
56754
56798
56800
56809
56826
56827
56829
56861
56932
56937
56954
56957
57013
57053
57103
57114
57182
57244
57303
57305
57323
57358
57401
57411
57435
57471
57484
57659
57712
57743
57754
57760
57765
57774
57777
57781
57784
57789
57872
57880
57884
57935
57939
57944
57962
57970
57991
57998
58004
58022
58026
58031
58046
58048
58053
58086
58089
58092
58126
58133
58152
58165
58177
58186
58220
58238
58251
58357
58379
58396
58414
58445
58458
58461
58484
58534
58557
58621
58702
58703
58768
58779
58819
58853
58855
58890
58895
58937
58980
59054
59071
59073
59078
59099
59102
59113
59159
59185
59229
59235
59236
59279
59280
59307
59331
59332
59333
59343
59346
59414
59421
59450
59472
59520
59532
59537
59607
59610
59632
59633
59650
59659
59664
59668
59728
59736
59757
59799
59838
59858
60871
60877
60892
60924
60969
61038
61066
61097
61108
61138
61147
61150
61157
62169
62182
62192
62203
62240
62282
62297
62332
62340
62352
62354
62358
62393
62403
62405
62432
62449
62549
62558
62595
62625
62678
62714
62744
62746
62796
62813
62851
62902
62926
62929
62930
62934
62969
62996
63033
63077
63078
63091
63140
63141
63148
63153
63178
63193
63218
63235
63243
63250
63252
63279
63286
63324
63355
63362
63367
63381
63387
63398
63433
63451
63492
63560
63569
63607
63616
63645
63646
63665
63689
63726
63731
63738
63748
63779
63795
63832
63860
63863
63981
63984
64019
64024
64064
64096
64111
64180
64192
65223
65238
65276
65277
65278
65284
65295
65296
65305
65366
65369
65388
65393
65423
65464
65469
65536
65538
65566
65588
65589
65630
65641
65650
65654
65655
65664
65667
65677
65679
65691
65734
65779
65789
65795
65807
65808
65849
65862
65867
65870
65880
65894
65924
65943
65978
65984
65996
66003
